1.227
0.799
0.768
1.972
0.873
1.209
0.559
0.693
0.3
0.749
0.586
0.505
1.936
0.989
0.998
0.807
0.419
0.441
0.198
0.625
0.424
0.987
0.88
1.217
0.832
0.748
0.657
0.584
0.943
0.749
1.213
0.423
0.741
1.412
1.187
0.518
0.495
1.799
0.339
1.216
1.075
5.074
1.049
0.981
0.297
0.562
0.864
1.287
1.106
0.681
1.068
1.291
0.767
0.416
0.413
0.536
0.406
0.603
1.125
1.021
0.439
0.502
0.666
1.123
1.081
0.784
1.022
1.938
0.822
1.879
0.371
3.145
1.063
0.31
0.49
1.02
0.928
0.547
1.456
0.405
1.571
0.948
4.598
0.946
0.42
1.053
0.58
0.246
0.725
0.522
0.601
0.499
0.628
0.428
2.908
0.396
0.823
0.436
2.279
0.816
mean time 0.96052986
